67.4% avg...

6.56381456967 0.575258221597 62.3781712101 -4.35230464627 3.94601714798 6.43829218701 
5.94343147471 0.601052537958 61.6040694622 -4.2299319784 3.984157085 6.33597485374 
5.37304793475 0.652415917109 61.4550620885 -4.31197753226 3.96186540089 6.39099850791 

7.28325093305 0.636664653156 61.0634786897 -3.00431288277 3.80175591231 7.51971922444 
8.03488395339 0.6453612046 60.8549747443 -2.49125341242 3.83502567067 7.51111356807 
8.04693015705 0.660813833227 60.822820692 -2.61694882539 3.83373071854 7.59537560599 
7.46256988071 0.66339925582 61.3588816507 -3.08050292194 3.77959786121 7.60525605841 
